-999	"MyLake init"
    Z (m)	Az (m2)	Tz (deg C)	Cz	Sz (kg/m3)	TPz (mg/m3)	DOPz (mg/m3)	Chlaz (mg/m3)	DOCz (mg/m3)	TPz_sed (mg/m3)	
    Chlaz_sed (mg/m3)	"Fvol_IM (m3/m3	 dry w.)"	Hice (m)	Hsnow (m)	DO	dummy	dummy	dummy	dummy	dummy	
    dummy	dummy	dummy	dummy	dummy	dummy	dummy	dummy	dummy	dummy
0.00	583054	18.3	0	0	0	0	0	2000	0	0	0	0	0	12000	0	0	0	0	0	0	0	0	0	0	0	0	0	0	0
1.00	549139	18.3	0	0	0	0	0	2000	0	0	0	0	0	12000	0	0	0	0	0	0	0	0	0	0	0	0	0	0	0
2.00	519085	18.3	0	0	0	0	0	2000	0	0	0	0	0	12000	0	0	0	0	0	0	0	0	0	0	0	0	0	0	0
3.00	496773	18.3	0	0	0	0	0	2000	0	0	0	0	0	12000	0	0	0	0	0	0	0	0	0	0	0	0	0	0	0
4.00	477534	18.3	0	0	0	0	0	2000	0	0	0	0	0	12000	0	0	0	0	0	0	0	0	0	0	0	0	0	0	0
5.00	455937	11.8	0	0	0	0	0	2000	0	0	0	0	0	12000	0	0	0	0	0	0	0	0	0	0	0	0	0	0	0
6.00	433586	11.8	0	0	0	0	0	2000	0	0	0	0	0	12000	0	0	0	0	0	0	0	0	0	0	0	0	0	0	0
7.00	0	11.8	0	0	0	0	0	2000	0	0	0	0	0	12000	0	0	0	0	0	0	0	0	0	0	0	0	0	0	0