-999	"MyLake init"
    Z (m)	Az (m2)	Tz (deg C)	Cz	Sz (kg/m3)	TPz (mg/m3)	DOPz (mg/m3)	Chlaz (mg/m3)	DOCz (mg/m3)	TPz_sed (mg/m3)	
    Chlaz_sed (mg/m3)	"Fvol_IM (m3/m3	 dry w.)"	Hice (m)	Hsnow (m)	DO	dummy	dummy	dummy	dummy	dummy	
    dummy	dummy	dummy	dummy	dummy	dummy	dummy	dummy	dummy	dummy
0.00	59774	13.88636364	0	0	0	0	0	2000	0	0	0	0	0	12000	0	0	0	0	0	0	0	0	0	0	0	0	0	0	0
1.00	47229	13.88636364	0	0	0	0	0	2000	0	0	0	0	0	12000	0	0	0	0	0	0	0	0	0	0	0	0	0	0	0
2.00	36160	9.89775	0	0	0	0	0	2000	0	0	0	0	0	12000	0	0	0	0	0	0	0	0	0	0	0	0	0	0	0
3.00	26566	6.414166667	0	0	0	0	0	2000	0	0	0	0	0	12000	0	0	0	0	0	0	0	0	0	0	0	0	0	0	0
4.00	18449	5.222916667	0	0	0	0	0	2000	0	0	0	0	0	12000	0	0	0	0	0	0	0	0	0	0	0	0	0	0	0
5.00	11807	4.8927499999999995	0	0	0	0	0	2000	0	0	0	0	0	12000	0	0	0	0	0	0	0	0	0	0	0	0	0	0	0
6.00	6642	4.562583333	0	0	0	0	0	2000	0	0	0	0	0	12000	0	0	0	0	0	0	0	0	0	0	0	0	0	0	0
7.00	2952	4.4829166664999995	0	0	0	0	0	2000	0	0	0	0	0	12000	0	0	0	0	0	0	0	0	0	0	0	0	0	0	0
8.00	738	4.40325	0	0	0	0	0	2000	0	0	0	0	0	12000	0	0	0	0	0	0	0	0	0	0	0	0	0	0	0
9.00	10	4.40325	0	0	0	0	0	2000	0	0	0	0	0	12000	0	0	0	0	0	0	0	0	0	0	0	0	0	0	0