-999	"MyLake init"
Z (m)	Az (m2)	Tz (deg C)	Cz	Sz (kg/m3)	TPz (mg/m3)	DOPz (mg/m3)	Chlaz (mg/m3)	DOCz (mg/m3)	TPz_sed (mg/m3)	
Chlaz_sed (mg/m3)	"Fvol_IM (m3/m3	 dry w.)"	Hice (m)	Hsnow (m)	DO	dummy	dummy	dummy	dummy	dummy	
dummy	dummy	dummy	dummy	dummy	dummy	dummy	dummy	dummy	dummy
0.00	1178685	4	0	0	0	0	0	2000	0	0	0	0	0	12000	0	0	0	0	0	0	0	0	0	0	0	0	0	0	0
1.00	1044095	4	0	0	0	0	0	2000	0	0	0	0	0	12000	0	0	0	0	0	0	0	0	0	0	0	0	0	0	0
2.00	917661	4	0	0	0	0	0	2000	0	0	0	0	0	12000	0	0	0	0	0	0	0	0	0	0	0	0	0	0	0
3.00	799385	4	0	0	0	0	0	2000	0	0	0	0	0	12000	0	0	0	0	0	0	0	0	0	0	0	0	0	0	0
4.00	689266	4	0	0	0	0	0	2000	0	0	0	0	0	12000	0	0	0	0	0	0	0	0	0	0	0	0	0	0	0
5.00	587303	4	0	0	0	0	0	2000	0	0	0	0	0	12000	0	0	0	0	0	0	0	0	0	0	0	0	0	0	0
6.00	493498	4	0	0	0	0	0	2000	0	0	0	0	0	12000	0	0	0	0	0	0	0	0	0	0	0	0	0	0	0
7.00	407849	4	0	0	0	0	0	2000	0	0	0	0	0	12000	0	0	0	0	0	0	0	0	0	0	0	0	0	0	0
8.00	330358	4	0	0	0	0	0	2000	0	0	0	0	0	12000	0	0	0	0	0	0	0	0	0	0	0	0	0	0	0
9.00	261024	4	0	0	0	0	0	2000	0	0	0	0	0	12000	0	0	0	0	0	0	0	0	0	0	0	0	0	0	0
10.00	199846	4	0	0	0	0	0	2000	0	0	0	0	0	12000	0	0	0	0	0	0	0	0	0	0	0	0	0	0	0
11.00	146826	4	0	0	0	0	0	2000	0	0	0	0	0	12000	0	0	0	0	0	0	0	0	0	0	0	0	0	0	0
12.00	101962	4	0	0	0	0	0	2000	0	0	0	0	0	12000	0	0	0	0	0	0	0	0	0	0	0	0	0	0	0
13.00	65256	4	0	0	0	0	0	2000	0	0	0	0	0	12000	0	0	0	0	0	0	0	0	0	0	0	0	0	0	0
14.00	36706	4	0	0	0	0	0	2000	0	0	0	0	0	12000	0	0	0	0	0	0	0	0	0	0	0	0	0	0	0
15.00	16314	4	0	0	0	0	0	2000	0	0	0	0	0	12000	0	0	0	0	0	0	0	0	0	0	0	0	0	0	0
16.00	4078	4	0	0	0	0	0	2000	0	0	0	0	0	12000	0	0	0	0	0	0	0	0	0	0	0	0	0	0	0
17.00	0	4	0	0	0	0	0	2000	0	0	0	0	0	12000	0	0	0	0	0	0	0	0	0	0	0	0	0	0	0