Calibration results:
Warning: Maximum number of function evaluations has been exceeded.
 final_simplex: (array([[2.21700263e-05, 1.65000578e-01, 7.89086013e-01, 7.56675685e-01,
        3.14979671e-04, 2.50609575e+00, 9.17807444e-01],
       [2.21700263e-05, 1.65000578e-01, 7.89086013e-01, 7.56675685e-01,
        3.14979671e-04, 2.50609575e+00, 9.17807444e-01],
       [2.21700263e-05, 1.65000578e-01, 7.89086013e-01, 7.56675685e-01,
        3.14979671e-04, 2.50609575e+00, 9.17807444e-01],
       [2.21700263e-05, 1.65000578e-01, 7.89086013e-01, 7.56675685e-01,
        3.14979671e-04, 2.50609575e+00, 9.17807444e-01],
       [2.21700263e-05, 1.65000578e-01, 7.89086013e-01, 7.56675685e-01,
        3.14979671e-04, 2.50609575e+00, 9.17807444e-01],
       [2.21700263e-05, 1.65000578e-01, 7.89086013e-01, 7.56675685e-01,
        3.14979671e-04, 2.50609575e+00, 9.17807444e-01],
       [2.21700263e-05, 1.65000578e-01, 7.89086013e-01, 7.56675685e-01,
        3.14979671e-04, 2.50609575e+00, 9.17807444e-01],
       [2.21700263e-05, 1.65000578e-01, 7.89086013e-01, 7.56675685e-01,
        3.14979671e-04, 2.50609575e+00, 9.17807444e-01]]), array([538.20326943, 538.20326943, 538.20326943, 538.20326943,
       538.20326943, 538.20326943, 538.20326943, 538.20326943]))
           fun: 538.203269428978
       message: 'Maximum number of function evaluations has been exceeded.'
          nfev: 1405
           nit: 280
        status: 1
       success: False
             x: array([2.21700263e-05, 1.65000578e-01, 7.89086013e-01, 7.56675685e-01,
       3.14979671e-04, 2.50609575e+00, 9.17807444e-01])